500 5000
1 19 3
1 22 2
1 30 3
1 66 2
1 155 2
1 172 3
1 204 2
1 211 2
1 225 1
1 280 1
1 314 -1
1 324 -1
1 333 2
1 344 2
1 355 -1
1 399 -1
1 400 2
1 423 2
1 424 2
1 447 1
1 498 1
2 66 -1
2 86 -1
2 88 3
2 105 -1
2 133 2
2 148 3
2 156 2
2 161 1
2 178 -1
2 204 3
2 205 1
2 210 3
2 241 2
2 251 1
2 272 3
2 311 3
2 314 3
2 438 3
2 459 2
2 483 2
2 484 -1
2 490 1
3 11 2
3 12 2
3 15 1
3 71 -1
3 97 -1
3 116 -1
3 127 2
3 141 3
3 172 3
3 183 3
3 189 3
3 216 -1
3 226 3
3 242 1
3 263 3
3 272 -1
3 335 1
3 380 2
3 416 3
3 448 1
3 456 3
3 491 1
4 19 2
4 24 3
4 69 1
4 72 1
4 75 2
4 112 -1
4 118 1
4 157 -1
4 160 2
4 167 1
4 187 3
4 190 2
4 200 -1
4 202 3
4 207 2
4 230 1
4 340 -1
4 387 2
4 395 3
4 414 2
4 445 1
5 52 3
5 58 -1
5 75 1
5 97 -1
5 110 2
5 124 2
5 125 3
5 136 1
5 146 2
5 259 2
5 271 2
5 282 -1
5 301 1
5 332 2
5 355 2
5 383 -1
5 391 3
5 401 3
5 419 3
5 431 2
5 452 3
5 462 1
5 471 2
5 476 1
5 490 1
5 498 -1
6 21 2
6 44 3
6 83 2
6 96 3
6 101 2
6 140 1
6 242 -1
6 304 1
6 365 3
6 373 3
6 385 3
6 408 2
6 461 -1
6 467 2
7 51 1
7 60 2
7 83 -1
7 95 -1
7 96 2
7 204 3
7 208 1
7 247 3
7 253 -1
7 296 -1
7 308 3
7 347 -1
7 366 1
7 401 1
7 407 -1
7 411 3
7 413 2
7 451 -1
7 454 3
7 466 -1
7 468 1
8 33 3
8 39 3
8 68 1
8 81 -1
8 130 1
8 140 -1
8 261 -1
8 294 1
8 302 3
8 353 1
8 373 2
8 399 1
8 428 3
8 471 2
9 34 3
9 48 1
9 60 1
9 62 2
9 98 1
9 113 1
9 118 1
9 119 1
9 135 1
9 138 3
9 152 -1
9 161 2
9 177 3
9 210 2
9 240 3
9 292 1
9 330 3
9 331 1
9 345 -1
9 351 -1
9 415 -1
9 423 1
9 436 2
10 28 -1
10 49 3
10 51 1
10 55 1
10 89 2
10 91 3
10 153 -1
10 193 1
10 204 2
10 207 3
10 264 2
10 269 2
10 273 1
10 281 2
10 328 2
10 331 2
10 389 2
10 401 -1
10 406 2
10 432 2
10 458 3
10 460 1
10 466 3
10 492 -1
10 500 2
11 18 2
11 38 3
11 83 1
11 88 -1
11 104 3
11 111 3
11 120 3
11 155 1
11 228 2
11 238 1
11 259 3
11 261 1
11 289 2
11 382 -1
11 390 2
11 392 1
11 409 3
11 450 1
11 455 1
11 466 1
11 479 -1
11 484 3
12 17 1
12 49 3
12 58 2
12 87 -1
12 155 -1
12 167 2
12 257 -1
12 268 1
12 271 1
12 274 2
12 276 2
12 282 2
12 286 2
12 288 2
12 290 3
12 292 2
12 387 3
13 43 -1
13 44 -1
13 55 2
13 64 3
13 113 1
13 121 1
13 123 1
13 134 1
13 148 2
13 255 2
13 289 1
13 305 3
13 318 -1
13 331 3
13 352 2
13 355 3
13 363 3
13 377 2
13 408 3
13 409 1
13 422 3
13 432 2
13 440 3
13 466 -1
13 480 3
14 55 2
14 87 1
14 117 -1
14 124 1
14 159 3
14 192 -1
14 217 -1
14 252 3
14 262 3
14 318 3
14 337 -1
14 340 -1
14 357 3
14 396 3
14 442 1
14 444 2
14 488 -1
15 23 2
15 46 -1
15 49 1
15 99 3
15 113 1
15 125 1
15 151 -1
15 153 2
15 157 1
15 237 -1
15 245 -1
15 248 2
15 252 3
15 262 2
15 398 1
15 404 3
15 426 1
15 455 -1
15 500 2
16 68 2
16 82 -1
16 104 2
16 218 3
16 242 3
16 268 -1
16 339 -1
16 357 1
16 376 2
16 385 1
16 421 -1
16 434 2
16 460 3
16 469 3
16 473 2
16 488 2
16 493 3
16 499 3
17 36 1
17 67 1
17 94 2
17 127 3
17 142 -1
17 170 3
17 173 1
17 226 -1
17 227 -1
17 248 3
17 252 1
17 257 2
17 335 1
17 354 1
17 355 2
17 374 3
17 377 -1
17 435 3
17 448 1
17 467 -1
17 483 -1
18 24 2
18 59 1
18 84 3
18 86 2
18 88 3
18 123 2
18 125 2
18 134 -1
18 181 1
18 186 3
18 221 2
18 240 1
18 252 2
18 295 3
18 306 3
18 424 -1
18 446 1
18 455 3
19 34 1
19 75 -1
19 110 1
19 126 2
19 163 3
19 166 2
19 209 -1
19 246 -1
19 248 -1
19 268 -1
19 326 3
19 368 3
19 383 -1
19 426 2
20 45 3
20 47 -1
20 75 2
20 118 -1
20 171 2
20 172 3
20 212 2
20 226 1
20 236 3
20 286 1
20 296 1
20 329 3
20 332 -1
20 334 -1
20 361 -1
20 367 2
20 379 2
20 393 -1
20 425 3
20 436 -1
20 443 2
20 486 1
20 487 3
21 33 -1
21 88 1
21 94 2
21 161 -1
21 168 -1
21 188 1
21 199 3
21 225 3
21 274 3
21 280 2
21 306 3
21 320 -1
21 348 3
21 374 2
21 378 -1
21 434 2
21 438 2
21 470 1
21 471 3
22 33 -1
22 35 2
22 96 1
22 131 2
22 135 3
22 155 -1
22 210 1
22 211 3
22 213 2
22 225 -1
22 236 3
22 291 2
22 299 1
22 313 -1
22 410 1
22 443 1
22 472 1
22 495 2
23 33 2
23 85 -1
23 99 -1
23 114 1
23 155 -1
23 166 2
23 248 -1
23 250 -1
23 267 3
23 304 2
23 351 3
23 363 1
23 409 3
23 420 -1
23 423 2
23 461 3
24 61 2
24 62 2
24 67 1
24 89 3
24 112 -1
24 135 1
24 140 2
24 141 3
24 180 2
24 200 1
24 260 3
24 304 1
24 315 -1
24 332 -1
24 343 1
24 355 -1
24 358 2
24 385 -1
24 389 2
24 432 2
24 459 1
24 475 -1
25 37 -1
25 86 1
25 107 -1
25 109 2
25 140 -1
25 155 1
25 169 -1
25 180 -1
25 203 3
25 211 2
25 257 3
25 304 1
25 331 2
25 354 1
25 363 1
25 367 3
25 385 1
25 391 3
25 394 2
25 428 3
25 448 3
25 472 2
25 495 3
26 54 2
26 66 -1
26 69 -1
26 75 1
26 102 2
26 124 1
26 148 2
26 188 -1
26 232 -1
26 233 1
26 268 -1
26 304 2
26 320 1
26 380 1
26 381 3
26 386 -1
26 418 1
26 455 -1
26 472 3
26 493 -1
26 499 2
27 55 3
27 120 -1
27 163 2
27 167 1
27 172 2
27 178 -1
27 213 3
27 278 2
27 286 2
27 289 1
27 323 2
27 350 2
27 363 1
27 382 1
27 384 1
27 439 -1
27 492 2
28 54 -1
28 62 2
28 69 -1
28 132 -1
28 147 3
28 152 -1
28 212 2
28 214 -1
28 224 -1
28 227 1
28 285 -1
28 292 3
28 295 -1
28 324 1
28 390 2
28 425 3
28 428 1
28 445 2
29 51 -1
29 60 1
29 79 1
29 92 2
29 140 1
29 143 2
29 153 -1
29 177 2
29 230 3
29 286 3
29 319 1
29 330 3
29 332 -1
29 356 3
29 360 2
29 365 1
29 366 3
29 396 -1
29 399 -1
29 409 3
29 422 -1
29 471 -1
29 484 -1
30 54 1
30 90 -1
30 120 3
30 124 3
30 198 2
30 240 3
30 301 2
30 325 3
30 384 2
30 404 -1
30 418 1
30 467 2
30 468 3
30 471 3
30 473 1
30 485 1
31 35 2
31 45 3
31 84 2
31 110 -1
31 159 3
31 170 1
31 179 2
31 203 3
31 204 -1
31 242 -1
31 321 2
31 336 3
31 359 -1
31 361 3
31 381 3
31 423 1
31 424 2
32 92 2
32 93 2
32 192 -1
32 206 1
32 226 2
32 305 1
32 316 -1
32 379 -1
32 380 3
32 395 3
32 400 1
32 432 2
32 438 1
32 465 2
32 484 2
32 485 1
32 490 -1
33 64 3
33 68 -1
33 81 1
33 128 -1
33 183 -1
33 187 1
33 198 2
33 213 -1
33 214 3
33 256 2
33 282 1
33 294 3
33 307 1
33 353 -1
33 360 1
33 467 2
34 38 3
34 53 3
34 61 -1
34 74 3
34 108 3
34 119 3
34 146 3
34 237 1
34 243 3
34 253 2
34 256 3
34 264 3
34 273 1
34 307 1
34 309 2
34 354 2
34 360 2
34 361 3
34 402 2
34 417 -1
34 448 -1
35 141 -1
35 154 3
35 157 3
35 162 2
35 186 1
35 256 2
35 317 2
35 327 3
35 358 1
35 374 -1
35 415 1
35 427 2
35 440 2
35 444 3
35 475 2
35 479 2
36 79 1
36 123 3
36 143 2
36 166 3
36 186 2
36 200 1
36 221 1
36 294 -1
36 325 2
36 331 -1
36 340 -1
36 355 -1
36 378 -1
36 409 2
36 427 3
36 431 -1
36 468 1
37 65 2
37 66 2
37 90 1
37 93 1
37 172 -1
37 219 3
37 273 3
37 277 2
37 294 3
37 306 2
37 339 -1
37 346 2
37 365 -1
37 371 1
37 386 3
37 390 -1
37 400 -1
37 485 1
37 496 -1
37 497 2
38 41 -1
38 42 3
38 43 2
38 55 3
38 111 -1
38 133 -1
38 148 -1
38 156 1
38 168 1
38 190 2
38 214 2
38 261 3
38 281 3
38 297 3
38 368 1
38 375 1
38 381 -1
38 388 3
38 429 1
38 432 1
38 486 2
38 494 3
39 50 -1
39 57 3
39 77 1
39 119 3
39 151 3
39 156 1
39 261 2
39 273 2
39 292 2
39 294 3
39 428 3
39 441 1
39 445 1
39 449 2
39 494 3
40 72 -1
40 86 2
40 128 3
40 151 3
40 162 3
40 208 -1
40 210 2
40 213 -1
40 240 2
40 252 -1
40 283 -1
40 292 2
40 324 1
40 371 3
40 409 1
40 469 3
40 473 3
40 487 1
41 52 1
41 81 1
41 103 1
41 109 1
41 129 1
41 177 -1
41 218 -1
41 242 3
41 272 2
41 281 2
41 297 -1
41 308 2
41 363 -1
41 388 1
41 394 3
41 438 3
41 448 2
41 455 1
41 487 3
42 59 -1
42 127 -1
42 128 -1
42 141 2
42 162 -1
42 164 1
42 258 -1
42 318 -1
42 333 2
42 364 2
42 376 1
42 396 2
42 413 -1
42 437 3
42 477 -1
42 482 3
42 485 1
42 493 3
43 72 1
43 88 2
43 92 2
43 119 1
43 123 2
43 201 3
43 213 -1
43 245 -1
43 267 -1
43 320 -1
43 339 3
43 404 1
43 406 1
43 413 1
43 419 -1
43 424 2
43 435 2
43 450 -1
43 466 2
43 488 3
44 62 1
44 86 2
44 87 1
44 158 -1
44 175 2
44 201 1
44 275 -1
44 287 1
44 300 1
44 308 2
44 412 3
44 431 -1
44 439 2
44 447 3
44 463 3
44 468 1
44 480 3
44 493 1
45 49 2
45 142 2
45 186 2
45 249 2
45 307 3
45 308 -1
45 310 1
45 365 1
45 380 3
45 390 1
45 395 -1
45 417 3
45 430 3
45 434 3
45 497 2
46 89 1
46 115 1
46 138 2
46 167 1
46 189 -1
46 240 1
46 262 2
46 271 2
46 279 -1
46 354 1
46 356 1
46 363 -1
46 393 2
46 400 1
46 413 -1
46 424 -1
46 451 3
46 461 1
46 469 -1
46 475 2
47 132 -1
47 157 1
47 161 3
47 185 3
47 257 3
47 259 2
47 292 2
47 309 3
47 396 -1
47 436 -1
47 479 1
47 480 1
48 53 2
48 79 3
48 94 -1
48 98 -1
48 177 3
48 222 3
48 223 3
48 236 1
48 276 3
48 279 1
48 301 2
48 330 2
48 335 1
48 344 1
48 364 1
48 373 3
48 409 -1
48 418 1
48 421 2
48 433 3
48 438 1
48 456 3
48 478 2
49 74 2
49 93 -1
49 142 2
49 166 -1
49 170 3
49 190 2
49 223 2
49 274 -1
49 331 -1
49 426 -1
49 427 3
49 441 2
49 498 2
50 72 2
50 79 -1
50 89 -1
50 147 2
50 154 1
50 194 3
50 217 -1
50 219 3
50 243 3
50 279 2
50 283 1
50 294 1
50 302 3
50 328 2
50 410 1
50 412 3
50 415 1
50 459 3
51 63 1
51 73 2
51 81 3
51 132 3
51 149 1
51 151 1
51 158 1
51 163 3
51 171 2
51 179 2
51 218 2
51 250 2
51 277 2
51 278 1
51 306 3
51 311 1
51 337 2
51 349 -1
51 354 2
51 362 -1
51 398 -1
51 428 2
51 455 3
51 463 -1
51 481 3
51 483 2
51 490 2
52 62 1
52 66 1
52 84 -1
52 168 2
52 182 -1
52 187 2
52 233 2
52 236 -1
52 275 1
52 292 2
52 296 -1
52 380 3
52 402 2
52 437 -1
52 461 -1
53 65 -1
53 77 1
53 79 1
53 96 3
53 102 2
53 141 2
53 146 1
53 177 2
53 181 3
53 184 1
53 200 3
53 215 2
53 240 3
53 290 3
53 308 3
53 312 -1
53 335 1
53 340 3
53 346 3
53 350 1
53 386 -1
53 415 1
54 59 3
54 63 -1
54 65 3
54 113 3
54 119 -1
54 141 1
54 151 -1
54 182 -1
54 233 2
54 249 -1
54 278 1
54 297 -1
54 332 -1
54 337 -1
54 344 2
54 363 3
54 375 2
54 445 -1
54 475 2
54 485 3
55 73 2
55 120 -1
55 126 3
55 158 3
55 163 -1
55 176 3
55 237 2
55 245 3
55 284 1
55 335 -1
55 390 -1
55 448 -1
55 465 3
56 64 3
56 96 2
56 106 2
56 138 -1
56 149 2
56 173 3
56 217 3
56 221 3
56 258 -1
56 295 2
56 308 2
56 372 1
56 416 3
56 448 3
56 475 2
57 152 1
57 154 -1
57 155 -1
57 166 1
57 210 3
57 233 1
57 277 -1
57 361 1
57 376 2
57 390 -1
57 420 2
57 424 2
57 425 2
57 489 -1
58 84 2
58 122 -1
58 161 -1
58 174 -1
58 185 -1
58 215 2
58 224 3
58 274 -1
58 298 3
58 335 2
58 342 3
58 360 1
58 362 3
58 369 2
58 373 3
58 378 1
58 411 1
58 439 3
58 461 -1
58 466 -1
58 473 1
58 489 3
58 497 1
59 71 2
59 108 3
59 183 -1
59 186 1
59 189 1
59 194 1
59 206 1
59 214 3
59 287 1
59 303 -1
59 348 1
59 369 -1
59 399 3
59 401 3
59 402 3
59 426 3
59 450 -1
60 83 2
60 89 2
60 94 -1
60 111 2
60 122 3
60 124 3
60 186 1
60 208 3
60 246 1
60 252 1
60 264 1
60 287 3
60 344 1
60 397 3
60 479 2
60 492 2
61 91 1
61 118 1
61 123 3
61 133 1
61 189 -1
61 192 3
61 193 1
61 194 1
61 203 1
61 254 2
61 260 2
61 280 1
61 296 1
61 327 2
61 329 -1
61 371 -1
61 383 2
61 392 -1
61 405 1
61 411 3
61 412 2
61 419 -1
61 447 -1
61 493 -1
62 72 1
62 86 3
62 91 1
62 93 2
62 123 1
62 163 1
62 173 -1
62 185 -1
62 200 1
62 237 3
62 238 1
62 242 1
62 333 -1
62 380 1
62 383 -1
62 413 -1
62 432 1
62 452 2
63 87 3
63 109 -1
63 163 -1
63 249 3
63 262 1
63 282 2
63 307 1
63 493 1
64 97 1
64 107 -1
64 164 3
64 174 1
64 179 2
64 196 3
64 211 1
64 226 3
64 300 3
64 327 3
64 329 2
64 365 3
64 366 1
64 373 2
64 381 2
64 393 1
64 403 1
64 404 2
64 406 1
64 447 1
64 451 2
64 454 3
64 484 2
64 495 2
65 81 1
65 89 -1
65 108 3
65 117 -1
65 125 3
65 126 -1
65 175 -1
65 187 2
65 248 3
65 269 2
65 274 1
65 276 2
65 294 1
65 301 3
65 349 -1
65 357 2
65 390 3
65 420 -1
65 425 -1
65 438 2
65 465 2
65 488 2
66 83 1
66 96 3
66 100 1
66 107 2
66 124 2
66 140 3
66 210 -1
66 246 -1
66 251 2
66 255 2
66 343 1
66 355 2
66 364 3
66 370 -1
66 382 3
66 393 -1
66 402 2
66 443 3
66 474 1
66 482 1
66 499 3
67 99 2
67 154 -1
67 176 2
67 241 -1
67 249 -1
67 251 -1
67 311 -1
67 319 3
67 340 3
67 345 3
67 353 2
67 399 1
67 424 1
67 440 -1
68 102 3
68 131 3
68 142 3
68 144 2
68 150 1
68 163 -1
68 215 3
68 223 3
68 254 -1
68 270 1
68 300 -1
68 432 2
68 460 1
68 471 -1
69 85 1
69 86 3
69 104 1
69 140 3
69 182 3
69 219 -1
69 242 -1
69 271 2
69 279 1
69 281 3
69 318 1
69 338 1
69 379 3
69 388 1
69 399 -1
69 426 1
69 430 -1
69 432 1
69 477 -1
70 89 -1
70 137 3
70 192 3
70 222 1
70 237 1
70 277 1
70 332 2
70 388 -1
70 393 2
70 472 3
70 476 2
70 489 -1
71 106 -1
71 123 -1
71 132 3
71 152 2
71 192 -1
71 246 3
71 279 2
71 346 2
71 437 2
71 450 1
71 460 3
71 472 1
71 474 3
72 141 3
72 153 2
72 159 2
72 165 2
72 174 2
72 192 3
72 193 -1
72 198 1
72 200 3
72 218 3
72 220 1
72 238 -1
72 246 2
72 248 3
72 254 1
72 276 2
72 283 -1
72 286 3
72 298 3
72 341 1
72 359 1
72 375 3
72 429 3
72 460 1
72 463 3
72 474 -1
72 475 2
73 90 2
73 97 3
73 130 2
73 148 1
73 177 2
73 190 -1
73 192 1
73 210 -1
73 216 3
73 243 1
73 261 3
73 277 3
73 286 2
73 299 3
73 361 3
73 365 3
73 397 1
73 416 -1
73 430 3
73 485 -1
74 76 3
74 126 -1
74 146 1
74 174 1
74 190 1
74 203 2
74 225 2
74 231 2
74 278 -1
74 301 2
74 335 1
74 336 3
74 348 -1
74 368 1
74 445 3
74 485 -1
74 500 2
75 117 1
75 145 3
75 172 2
75 183 -1
75 188 2
75 218 1
75 228 3
75 260 2
75 263 1
75 264 3
75 265 3
75 305 -1
75 318 3
75 342 2
75 345 2
75 351 3
75 353 1
75 362 1
75 397 3
75 410 2
75 433 3
75 454 -1
75 466 2
76 100 1
76 103 1
76 177 -1
76 183 3
76 188 1
76 236 2
76 259 2
76 260 3
76 301 3
76 312 1
76 325 3
76 356 2
76 363 -1
76 386 1
76 421 3
77 132 3
77 151 1
77 183 -1
77 186 -1
77 191 -1
77 225 3
77 245 -1
77 252 3
77 255 3
77 295 1
77 302 3
77 319 1
77 358 3
77 405 2
77 467 1
77 490 1
78 93 3
78 105 2
78 131 1
78 136 1
78 143 -1
78 166 3
78 167 3
78 202 -1
78 232 2
78 258 1
78 266 1
78 269 1
78 275 1
78 302 3
78 307 3
78 310 2
78 403 1
78 433 -1
78 471 2
79 80 -1
79 81 2
79 92 1
79 128 3
79 145 -1
79 148 2
79 174 2
79 183 2
79 227 1
79 252 3
79 256 2
79 263 2
79 287 3
79 297 1
79 311 3
79 322 1
79 345 2
79 398 3
79 405 3
79 429 -1
79 459 -1
79 483 -1
79 485 3
79 498 2
80 105 -1
80 108 1
80 125 2
80 156 -1
80 192 2
80 195 2
80 197 3
80 207 1
80 208 2
80 269 2
80 299 2
80 326 1
80 332 3
80 337 -1
80 350 3
80 366 2
80 417 2
80 422 -1
80 428 2
80 433 3
81 84 -1
81 92 -1
81 112 -1
81 123 3
81 159 -1
81 174 1
81 179 2
81 200 3
81 207 3
81 212 3
81 225 2
81 276 3
81 278 -1
81 307 2
81 383 -1
81 397 2
81 406 1
81 422 3
81 429 1
81 460 3
81 462 2
81 467 1
82 107 3
82 109 -1
82 163 2
82 164 -1
82 209 -1
82 223 1
82 238 2
82 284 3
82 317 3
82 324 1
82 344 -1
82 370 3
82 387 -1
82 417 -1
82 476 -1
82 490 -1
82 493 3
83 95 1
83 107 1
83 115 1
83 148 2
83 193 -1
83 208 -1
83 307 1
83 318 1
83 345 3
83 358 -1
83 395 -1
83 430 3
83 432 3
83 488 1
84 114 3
84 169 -1
84 170 2
84 231 -1
84 268 -1
84 272 2
84 312 1
84 322 2
84 349 -1
84 394 3
84 405 -1
84 412 1
84 435 1
84 449 3
84 451 2
84 459 -1
84 480 -1
85 92 -1
85 122 -1
85 126 1
85 141 1
85 145 2
85 181 -1
85 183 3
85 188 3
85 206 3
85 212 3
85 233 2
85 255 -1
85 268 2
85 333 -1
85 342 1
85 388 2
85 408 1
85 428 3
85 473 -1
85 480 -1
85 484 1
85 486 2
85 489 -1
86 87 2
86 114 3
86 123 1
86 137 1
86 142 2
86 148 -1
86 155 2
86 321 1
86 326 3
86 328 3
86 427 3
86 449 -1
86 466 2
86 476 3
86 482 -1
86 483 3
87 88 -1
87 100 -1
87 144 2
87 149 -1
87 186 1
87 209 3
87 239 3
87 287 3
87 298 -1
87 312 -1
87 335 1
87 347 1
87 360 3
87 369 -1
87 389 2
87 412 -1
87 439 2
87 450 -1
88 89 2
88 112 1
88 123 -1
88 134 -1
88 140 -1
88 142 1
88 143 1
88 153 3
88 171 1
88 198 3
88 245 3
88 272 -1
88 280 1
88 309 1
88 358 1
88 395 2
88 472 -1
89 106 2
89 144 1
89 150 3
89 159 1
89 212 -1
89 218 3
89 231 -1
89 271 -1
89 292 2
89 296 2
89 299 1
89 300 1
89 339 3
89 369 -1
89 378 2
89 386 1
89 407 2
89 442 2
89 460 1
89 470 2
89 499 -1
90 94 2
90 138 3
90 156 3
90 306 -1
90 309 2
90 344 3
90 347 1
90 363 1
90 401 1
90 429 -1
90 489 3
91 99 -1
91 102 1
91 139 2
91 166 1
91 180 1
91 199 1
91 200 -1
91 268 3
91 282 -1
91 301 -1
91 308 -1
91 320 1
91 323 2
91 335 1
91 340 -1
91 341 -1
91 364 3
91 373 3
91 389 2
91 392 1
91 406 2
91 407 -1
91 451 2
91 487 -1
92 105 2
92 158 -1
92 168 3
92 208 -1
92 229 2
92 231 2
92 287 3
92 294 2
92 327 2
92 330 2
92 345 -1
92 380 1
92 392 2
92 430 1
92 474 3
92 492 3
93 103 -1
93 112 -1
93 193 3
93 210 3
93 258 -1
93 280 1
93 294 3
93 323 -1
93 351 -1
93 392 2
93 393 3
93 413 -1
93 420 2
93 425 2
93 428 3
93 462 1
93 497 1
94 110 -1
94 119 2
94 156 3
94 202 2
94 205 1
94 216 -1
94 301 -1
94 335 2
94 354 1
94 365 1
94 367 3
94 377 3
94 400 3
94 406 2
94 410 3
94 437 2
94 480 1
94 482 2
94 487 -1
94 489 3
95 117 -1
95 124 1
95 130 -1
95 133 2
95 135 2
95 155 1
95 157 1
95 205 2
95 211 -1
95 261 -1
95 314 3
95 347 -1
95 354 -1
95 436 -1
95 437 3
95 440 2
95 441 1
95 483 2
95 495 3
96 105 1
96 108 2
96 157 1
96 197 -1
96 249 3
96 268 3
96 287 2
96 297 3
96 312 3
96 317 -1
96 332 3
96 358 -1
96 381 -1
96 386 2
96 389 3
96 396 1
96 409 1
96 465 2
97 105 1
97 106 3
97 129 2
97 160 3
97 167 1
97 176 2
97 261 1
97 266 1
97 327 2
97 348 2
97 374 3
97 382 1
97 388 3
97 478 3
98 102 1
98 143 -1
98 166 -1
98 195 1
98 235 1
98 254 3
98 263 1
98 303 3
98 337 -1
98 356 3
98 429 -1
99 155 3
99 169 1
99 179 1
99 240 -1
99 310 3
99 330 -1
99 335 3
99 390 1
99 414 3
99 417 1
99 440 2
99 447 -1
99 457 1
99 466 -1
99 474 -1
100 145 1
100 153 1
100 173 3
100 179 1
100 208 3
100 220 -1
100 257 2
100 266 3
100 272 -1
100 302 1
100 347 3
100 388 1
100 413 -1
100 436 2
100 439 -1
100 492 -1
100 495 1
101 106 2
101 108 1
101 110 -1
101 198 1
101 211 1
101 232 2
101 242 3
101 284 1
101 287 2
101 341 -1
101 346 1
101 363 2
101 379 -1
101 412 -1
101 460 1
102 131 -1
102 179 2
102 182 2
102 290 2
102 294 3
102 355 3
102 372 -1
102 380 2
102 393 3
102 439 -1
102 442 -1
102 471 2
103 146 2
103 181 1
103 186 2
103 270 2
103 273 -1
103 274 3
103 275 3
103 304 2
103 311 1
103 312 2
103 346 -1
103 382 2
103 409 2
103 420 -1
103 435 -1
103 500 1
104 107 2
104 133 -1
104 171 -1
104 217 1
104 242 2
104 277 -1
104 282 1
104 295 -1
104 304 -1
104 372 1
104 374 3
104 377 1
104 393 -1
104 408 2
104 417 1
105 111 1
105 170 3
105 208 3
105 222 3
105 230 3
105 239 1
105 288 3
105 317 1
105 331 1
105 375 3
105 414 3
105 489 2
106 110 -1
106 116 2
106 132 3
106 148 -1
106 161 2
106 177 2
106 201 -1
106 239 2
106 268 1
106 272 -1
106 307 3
106 325 -1
106 379 3
106 390 -1
106 403 3
106 426 -1
106 430 3
106 441 3
106 442 -1
107 149 -1
107 213 -1
107 220 2
107 310 1
107 313 1
107 416 1
107 420 2
107 450 3
107 455 3
107 474 1
107 482 2
108 113 3
108 136 -1
108 154 -1
108 167 1
108 188 1
108 218 -1
108 255 1
108 266 1
108 272 2
108 296 -1
108 321 2
108 345 1
108 353 3
108 368 1
108 372 1
108 373 2
108 405 -1
108 425 -1
108 431 3
108 471 1
108 484 -1
108 489 3
109 112 2
109 116 3
109 132 1
109 177 -1
109 220 3
109 242 1
109 268 2
109 299 1
109 317 -1
109 370 1
109 402 1
109 409 1
109 421 1
109 431 1
109 453 -1
109 464 3
109 466 3
109 470 1
109 496 1
110 179 3
110 188 -1
110 201 3
110 205 2
110 210 -1
110 272 2
110 301 1
110 320 -1
110 340 -1
110 362 2
110 374 -1
110 400 3
110 421 2
110 435 1
110 468 3
110 487 2
110 493 1
110 500 1
111 134 -1
111 146 3
111 179 3
111 196 -1
111 244 1
111 272 3
111 378 3
111 404 1
111 412 3
111 445 3
111 454 1
111 488 -1
112 115 -1
112 136 -1
112 156 2
112 207 2
112 214 1
112 230 -1
112 236 3
112 237 3
112 270 1
112 279 2
112 287 1
112 307 2
112 366 2
112 454 1
112 492 3
113 120 3
113 138 2
113 172 -1
113 177 -1
113 207 1
113 211 1
113 212 3
113 234 -1
113 327 1
113 355 2
113 384 3
113 385 1
113 419 2
113 447 3
113 479 3
113 497 2
114 180 1
114 183 -1
114 249 2
114 260 3
114 295 2
114 306 2
114 307 1
114 314 1
114 344 2
114 391 2
114 405 1
114 428 1
114 450 2
114 461 2
114 478 1
115 134 -1
115 150 2
115 167 1
115 181 1
115 200 2
115 201 3
115 205 2
115 217 3
115 229 3
115 258 3
115 298 3
115 316 2
115 333 3
115 348 3
115 373 3
115 386 2
115 403 1
115 415 3
115 430 -1
116 130 1
116 137 -1
116 202 1
116 255 2
116 261 1
116 263 1
116 293 3
116 298 3
116 300 -1
116 348 -1
116 349 -1
116 352 3
116 369 -1
116 417 2
116 419 2
116 438 2
116 469 -1
116 490 2
117 134 3
117 147 1
117 165 3
117 212 2
117 231 -1
117 252 2
117 325 2
117 335 3
117 354 1
117 386 1
117 482 -1
117 493 -1
118 133 2
118 205 -1
118 276 3
118 288 1
118 297 2
118 366 -1
118 386 3
118 388 3
118 461 1
119 123 2
119 130 1
119 170 3
119 172 3
119 178 2
119 229 -1
119 240 2
119 253 -1
119 254 1
119 256 3
119 267 2
119 288 1
119 291 3
119 320 3
119 338 3
119 350 1
119 361 3
119 370 -1
119 424 -1
119 425 -1
119 438 1
119 446 -1
120 126 1
120 143 3
120 152 2
120 243 2
120 245 3
120 257 -1
120 330 1
120 334 -1
120 340 2
120 344 3
120 353 2
120 360 1
120 368 1
120 405 1
120 435 3
120 447 2
120 459 3
121 149 -1
121 154 3
121 171 3
121 201 -1
121 215 -1
121 219 1
121 229 3
121 351 3
121 369 2
121 370 1
121 387 1
121 415 -1
121 428 2
121 430 2
121 441 -1
121 470 3
121 487 2
122 127 3
122 152 -1
122 168 -1
122 213 3
122 220 -1
122 235 -1
122 249 -1
122 315 2
122 322 2
122 347 1
122 354 2
122 399 2
122 438 1
122 451 -1
122 452 3
122 458 1
122 485 1
122 497 2
122 499 2
123 128 3
123 130 2
123 134 -1
123 137 3
123 202 1
123 207 3
123 263 1
123 264 1
123 276 3
123 280 -1
123 283 -1
123 291 2
123 342 3
123 357 1
123 365 2
123 386 3
123 409 3
123 423 3
123 439 -1
123 489 -1
124 157 3
124 171 3
124 244 3
124 330 1
124 334 3
124 341 3
124 367 -1
124 369 2
124 371 3
124 381 3
124 428 1
124 429 -1
124 454 3
124 455 -1
124 476 1
124 485 2
125 252 3
125 254 1
125 260 2
125 271 3
125 309 2
125 313 -1
125 345 -1
125 353 2
125 356 1
125 357 -1
125 416 2
125 445 1
125 450 3
125 462 -1
125 478 1
125 498 -1
126 161 2
126 167 3
126 205 -1
126 209 2
126 220 2
126 249 3
126 256 3
126 282 2
126 290 3
126 332 2
126 335 3
126 360 1
126 361 2
126 398 1
126 424 2
126 436 -1
126 462 1
126 483 3
127 130 1
127 160 2
127 162 1
127 172 1
127 186 1
127 199 3
127 222 -1
127 227 -1
127 228 -1
127 251 3
127 267 1
127 272 3
127 299 1
127 361 1
127 390 1
127 406 1
127 415 2
127 485 2
127 493 -1
127 497 2
128 130 -1
128 177 1
128 222 1
128 233 -1
128 247 1
128 251 3
128 269 1
128 302 -1
128 303 3
128 307 1
128 315 -1
128 404 -1
128 408 -1
128 454 -1
128 467 1
128 490 2
129 144 1
129 148 1
129 186 2
129 192 -1
129 206 2
129 210 -1
129 248 2
129 266 3
129 281 2
129 324 2
129 331 -1
129 340 3
129 388 1
129 394 -1
129 406 3
129 418 1
129 462 2
129 484 -1
130 194 1
130 221 3
130 244 2
130 253 3
130 262 3
130 278 -1
130 432 3
130 443 1
130 469 -1
130 490 1
131 167 -1
131 266 -1
131 269 -1
131 279 3
131 280 2
131 324 3
131 345 3
131 388 1
131 391 2
131 460 2
131 491 2
132 154 -1
132 203 -1
132 212 3
132 215 2
132 251 -1
132 252 3
132 281 -1
132 285 3
132 304 2
132 315 2
132 337 1
132 386 1
132 390 1
132 437 1
132 462 2
133 170 2
133 196 1
133 215 3
133 231 1
133 244 3
133 263 1
133 266 -1
133 279 2
133 339 1
133 340 2
133 362 1
133 407 1
133 420 3
133 430 1
134 161 1
134 168 -1
134 171 1
134 206 1
134 232 -1
134 233 1
134 256 -1
134 284 3
134 289 1
134 342 1
134 358 2
134 394 2
134 401 1
134 405 -1
134 451 -1
134 466 1
134 483 2
134 500 3
135 178 3
135 186 2
135 193 1
135 220 2
135 222 2
135 231 -1
135 275 3
135 318 -1
135 329 -1
135 345 3
135 361 3
135 373 1
135 379 1
135 388 3
135 423 2
135 455 -1
135 473 2
135 484 1
135 489 1
135 499 2
136 140 2
136 150 1
136 162 2
136 179 -1
136 218 -1
136 272 3
136 309 -1
136 371 -1
136 402 1
136 445 1
136 459 1
136 496 1
137 156 1
137 163 1
137 164 -1
137 170 1
137 204 2
137 216 2
137 242 1
137 288 3
137 314 2
137 347 3
137 361 1
137 379 -1
137 404 2
137 430 3
137 445 2
137 449 2
137 468 3
137 481 2
137 484 2
137 492 2
138 145 3
138 186 2
138 215 -1
138 266 -1
138 281 -1
138 284 2
138 312 -1
138 316 1
138 320 -1
138 362 3
138 369 3
138 376 -1
138 390 2
138 401 3
138 405 3
138 443 2
138 446 -1
138 475 2
138 495 3
139 192 1
139 229 3
139 354 3
139 435 1
139 476 -1
139 477 -1
139 499 1
140 159 -1
140 187 2
140 209 -1
140 243 -1
140 268 3
140 304 -1
140 381 1
140 386 2
140 387 1
140 390 -1
140 395 3
140 396 3
140 400 2
140 403 1
140 425 -1
140 454 1
140 465 2
140 467 3
140 471 -1
140 484 -1
141 172 2
141 173 2
141 190 -1
141 240 -1
141 251 3
141 285 2
141 290 -1
141 297 -1
141 342 -1
141 375 3
141 434 2
141 445 1
141 452 2
141 453 1
141 470 -1
141 496 2
142 162 -1
142 179 -1
142 180 1
142 181 3
142 200 2
142 218 1
142 233 -1
142 236 1
142 294 3
142 321 3
142 364 1
142 381 1
142 386 3
142 392 3
142 422 3
142 447 1
142 463 2
142 495 -1
143 174 2
143 187 2
143 199 2
143 210 -1
143 228 1
143 295 2
143 309 -1
143 327 2
143 338 2
143 360 2
143 372 3
143 389 -1
143 418 3
143 427 1
143 429 -1
143 436 1
143 456 2
143 475 3
143 495 -1
144 172 1
144 191 -1
144 223 -1
144 251 -1
144 267 -1
144 284 3
144 315 3
144 368 2
144 377 2
144 389 3
144 464 3
144 465 3
144 473 3
145 155 2
145 161 1
145 183 2
145 243 2
145 275 -1
145 315 2
145 374 2
145 386 3
145 392 -1
145 405 -1
145 430 2
145 448 3
145 487 1
145 494 2
146 150 1
146 177 -1
146 335 -1
146 341 1
146 350 3
146 365 2
146 396 2
146 405 -1
146 415 -1
146 450 2
146 475 3
146 476 -1
146 495 -1
147 148 1
147 180 3
147 203 2
147 281 1
147 295 -1
147 352 -1
147 375 -1
147 382 3
147 387 -1
147 468 1
147 474 3
147 475 2
147 480 -1
147 484 -1
148 155 3
148 167 3
148 174 2
148 243 1
148 244 -1
148 265 1
148 281 2
148 305 1
148 318 2
148 384 1
148 404 -1
148 409 1
148 413 2
148 446 3
148 469 1
148 498 1
149 157 -1
149 162 -1
149 170 -1
149 238 -1
149 266 3
149 268 2
149 281 3
149 287 1
149 338 1
149 363 3
149 392 1
149 432 1
149 495 3
149 498 3
150 154 1
150 183 1
150 202 2
150 252 2
150 286 2
150 290 -1
150 323 3
150 335 2
150 477 -1
150 489 2
151 182 3
151 196 3
151 202 -1
151 225 3
151 228 1
151 257 1
151 269 2
151 281 1
151 295 1
151 329 1
151 441 1
151 464 2
151 466 -1
151 472 1
151 475 -1
152 228 3
152 229 1
152 238 -1
152 256 -1
152 260 2
152 299 2
152 343 2
152 364 3
152 378 1
152 411 2
152 443 3
152 457 2
153 162 3
153 199 1
153 217 3
153 228 -1
153 243 2
153 244 2
153 245 -1
153 254 2
153 262 2
153 310 2
153 313 2
153 329 1
153 331 -1
153 332 1
153 484 -1
154 160 1
154 179 -1
154 189 -1
154 221 1
154 268 -1
154 309 2
154 311 1
154 333 -1
154 338 2
154 353 -1
154 467 3
154 468 -1
154 476 2
155 156 -1
155 215 -1
155 220 2
155 257 3
155 266 -1
155 280 3
155 291 2
155 325 3
155 335 -1
155 341 3
155 348 -1
155 363 1
155 387 -1
155 401 -1
155 425 1
155 429 3
155 470 1
156 168 3
156 183 3
156 196 1
156 212 1
156 252 2
156 269 3
156 291 3
156 303 -1
156 305 -1
156 306 -1
156 323 3
156 330 1
156 344 3
156 366 1
156 412 1
156 424 -1
156 427 2
156 430 3
156 432 3
156 447 3
156 460 2
157 200 3
157 204 -1
157 223 -1
157 276 2
157 285 -1
157 293 1
157 315 1
157 344 1
157 427 3
157 433 -1
157 444 -1
157 449 1
157 459 2
157 464 1
157 472 1
157 487 2
157 489 -1
158 174 3
158 187 1
158 218 -1
158 230 1
158 259 1
158 267 -1
158 282 3
158 292 1
158 299 3
158 320 2
158 322 1
158 327 3
158 339 1
158 428 2
158 440 -1
159 214 1
159 237 -1
159 271 2
159 292 1
159 297 -1
159 338 1
159 342 1
159 363 1
159 387 2
159 397 1
159 417 2
159 438 -1
159 459 1
159 477 1
160 200 3
160 219 3
160 323 3
160 329 2
160 334 -1
160 350 3
160 362 3
160 391 3
160 395 3
160 441 -1
160 480 -1
161 163 3
161 233 -1
161 240 -1
161 244 -1
161 245 3
161 247 -1
161 294 2
161 297 2
161 301 2
161 341 3
161 393 -1
161 404 3
161 407 2
161 409 1
161 415 2
161 443 2
162 192 1
162 212 -1
162 234 2
162 268 3
162 288 3
162 289 -1
162 302 -1
162 319 1
162 338 3
162 368 2
162 412 2
162 425 3
162 447 2
162 464 1
162 480 2
163 177 2
163 245 1
163 260 -1
163 275 2
163 299 1
163 345 -1
163 360 -1
163 417 -1
163 423 2
163 440 1
163 443 -1
163 481 3
164 169 1
164 200 -1
164 227 3
164 228 2
164 248 1
164 268 1
164 345 2
164 371 -1
164 375 1
164 379 3
164 405 -1
164 444 2
164 489 1
165 176 3
165 189 2
165 221 2
165 222 1
165 233 2
165 439 2
165 446 2
165 450 3
165 473 2
165 481 2
166 181 1
166 184 -1
166 197 -1
166 383 1
166 390 1
166 391 3
166 408 3
166 445 3
166 463 3
167 182 -1
167 184 1
167 190 1
167 238 3
167 278 -1
167 299 3
167 316 -1
167 342 -1
167 345 1
167 352 2
167 367 3
167 370 2
167 388 1
167 395 -1
167 454 1
168 205 2
168 269 1
168 303 -1
168 330 1
168 332 3
168 346 1
168 355 2
168 371 2
168 435 1
168 441 -1
169 176 -1
169 177 2
169 205 3
169 263 3
169 288 1
169 377 3
169 395 2
169 398 -1
169 419 3
169 422 2
169 443 2
169 464 1
169 467 2
169 493 2
170 205 2
170 230 1
170 245 3
170 261 2
170 324 2
170 332 3
170 360 -1
170 376 1
170 397 1
170 402 1
170 418 3
171 180 3
171 206 1
171 257 2
171 291 2
171 333 2
171 369 -1
171 402 1
171 417 2
171 447 3
171 462 -1
172 236 1
172 246 2
172 283 2
172 318 3
172 354 1
172 363 -1
172 366 -1
172 371 2
172 373 2
172 385 2
172 427 3
172 476 3
172 477 3
172 481 2
172 494 2
173 183 -1
173 212 -1
173 215 1
173 225 2
173 244 3
173 301 1
173 338 3
173 389 1
173 400 3
173 427 -1
173 442 3
173 478 3
174 177 3
174 201 3
174 277 1
174 310 1
174 319 3
174 363 3
174 364 3
174 416 3
174 474 1
175 212 1
175 229 -1
175 268 3
175 286 2
175 290 2
175 306 -1
175 311 2
175 324 3
175 345 3
175 347 1
175 372 1
175 450 1
176 188 2
176 201 2
176 210 3
176 231 3
176 252 1
176 258 1
176 261 2
176 311 2
176 324 -1
176 331 3
176 353 2
176 385 3
176 386 2
176 411 1
176 434 2
176 439 1
176 444 3
176 463 1
176 464 -1
177 212 2
177 218 2
177 228 2
177 247 3
177 263 1
177 272 1
177 285 -1
177 297 -1
177 298 2
177 305 -1
177 306 2
177 365 1
177 375 1
177 388 2
177 398 -1
177 401 3
177 408 1
177 417 3
177 431 2
177 446 -1
178 196 3
178 208 -1
178 211 1
178 271 -1
178 329 2
178 344 2
178 367 -1
178 369 1
178 375 -1
178 376 3
178 391 2
178 409 -1
178 449 2
178 450 2
178 453 2
179 194 2
179 259 1
179 266 3
179 330 2
179 337 -1
179 361 1
179 411 -1
179 412 2
179 420 1
179 424 3
179 427 -1
179 447 3
179 457 1
179 489 3
180 213 2
180 234 1
180 376 -1
180 384 1
180 387 3
180 467 1
180 492 2
181 229 2
181 245 -1
181 263 1
181 292 3
181 346 1
181 358 -1
181 366 2
181 373 3
181 406 2
181 425 3
181 483 1
181 488 3
182 199 3
182 200 -1
182 206 3
182 235 3
182 243 2
182 252 3
182 253 1
182 261 3
182 275 1
182 318 3
182 328 1
182 331 1
182 361 2
182 437 1
182 466 1
182 490 -1
183 200 3
183 203 1
183 208 3
183 227 -1
183 241 3
183 307 1
183 323 -1
183 386 2
183 392 -1
183 420 -1
183 429 -1
183 439 -1
183 470 -1
183 495 2
184 197 2
184 217 1
184 229 -1
184 234 -1
184 237 -1
184 297 -1
184 309 -1
184 327 -1
184 374 2
184 406 1
184 457 1
184 487 3
184 496 1
185 197 1
185 205 3
185 219 2
185 228 3
185 308 -1
185 310 -1
185 342 3
185 348 2
185 376 -1
185 390 -1
185 418 2
185 479 -1
185 480 3
186 196 2
186 214 1
186 240 -1
186 279 3
186 283 1
186 378 2
186 390 -1
186 405 3
186 447 -1
186 481 2
186 490 2
187 259 -1
187 286 2
187 302 -1
187 318 -1
187 323 -1
187 351 1
187 363 1
187 400 3
187 422 2
187 425 3
187 438 -1
187 442 2
187 460 2
188 307 2
188 312 -1
188 408 -1
188 461 2
188 470 -1
189 231 3
189 246 -1
189 275 -1
189 296 1
189 314 -1
189 351 -1
189 352 2
189 353 2
189 361 3
189 393 -1
189 445 2
190 253 1
190 259 2
190 266 2
190 272 1
190 283 -1
190 362 1
190 386 3
190 460 2
190 471 2
191 193 -1
191 250 3
191 317 -1
191 334 -1
191 337 1
191 378 2
191 427 -1
191 452 -1
191 494 1
192 226 3
192 233 1
192 253 1
192 335 1
192 350 3
192 431 -1
192 480 3
192 482 1
192 496 1
193 217 2
193 242 2
193 267 1
193 275 1
193 340 -1
193 359 2
193 368 2
193 398 -1
193 409 -1
193 431 -1
193 460 2
193 477 2
194 202 3
194 207 1
194 241 3
194 265 3
194 275 -1
194 335 3
194 358 1
194 409 2
194 412 2
194 451 2
194 454 2
194 462 -1
194 466 2
194 498 3
195 198 -1
195 240 1
195 291 3
195 327 3
195 374 3
195 375 3
195 407 -1
195 429 1
195 440 -1
196 207 1
196 234 2
196 237 1
196 248 2
196 250 2
196 251 -1
196 285 3
196 286 -1
196 290 3
196 307 2
196 347 1
196 355 2
196 356 -1
196 384 2
196 393 -1
196 400 2
196 425 1
196 429 1
196 431 2
196 442 -1
196 487 2
196 493 3
197 217 2
197 218 1
197 251 3
197 297 3
197 336 1
197 346 3
197 348 1
197 349 -1
197 355 -1
197 372 1
197 399 2
197 435 -1
198 263 1
198 293 2
198 322 1
198 323 -1
198 403 -1
198 406 -1
198 410 3
198 425 1
198 434 1
198 459 1
199 216 1
199 275 1
199 297 3
199 298 -1
199 302 1
199 336 3
199 453 1
199 454 1
200 302 -1
200 304 3
200 305 -1
200 349 2
200 420 2
200 458 2
201 205 3
201 211 1
201 237 2
201 270 3
201 291 1
201 313 -1
201 328 1
201 335 -1
201 341 2
201 357 2
201 373 2
201 407 -1
201 409 -1
201 411 2
201 483 3
202 206 2
202 207 1
202 247 2
202 302 3
202 369 2
202 372 2
202 405 2
202 431 1
202 436 1
202 496 -1
202 500 3
203 264 -1
203 272 -1
203 281 2
203 302 2
204 210 3
204 221 1
204 270 1
204 286 3
204 314 1
204 328 2
204 392 -1
204 475 3
205 222 3
205 287 1
205 307 3
205 342 1
205 403 2
205 421 -1
205 468 2
205 483 2
206 212 3
206 280 1
206 348 1
206 368 1
206 393 3
206 398 3
206 437 3
206 446 1
206 470 2
206 478 3
206 496 -1
206 498 3
207 215 2
207 221 2
207 226 2
207 310 -1
207 327 3
207 337 2
207 352 2
207 382 3
207 395 1
207 428 3
207 480 -1
208 246 -1
208 287 1
208 321 3
208 325 -1
208 343 -1
208 360 2
208 364 -1
208 368 2
208 450 3
208 458 1
208 474 3
208 485 1
209 213 1
209 225 -1
209 281 3
209 303 2
209 319 2
209 328 -1
209 341 1
209 397 3
209 414 1
209 417 -1
209 452 -1
210 240 3
210 249 -1
210 253 1
210 358 3
210 374 3
210 381 -1
210 408 -1
210 429 3
210 435 3
210 457 2
210 461 -1
210 472 3
210 480 1
211 231 1
211 257 3
211 267 -1
211 268 3
211 276 3
211 309 3
211 329 -1
211 348 3
211 373 2
211 409 2
211 418 3
211 419 -1
211 431 1
211 468 3
212 252 2
212 275 3
212 288 2
212 289 2
212 415 1
212 421 2
212 462 -1
212 465 1
212 467 3
213 238 -1
213 271 1
213 317 1
213 319 2
213 392 -1
213 405 2
213 435 3
214 223 -1
214 276 -1
214 377 3
214 383 -1
214 420 3
214 431 1
214 463 -1
214 467 -1
214 479 2
214 489 1
214 491 3
215 231 -1
215 255 3
215 261 -1
215 266 -1
215 307 1
215 393 -1
215 420 1
215 423 3
215 427 2
215 428 2
215 434 3
215 470 3
216 219 2
216 235 -1
216 249 2
216 292 -1
216 297 3
216 317 -1
216 347 2
216 353 -1
216 376 3
216 381 2
216 402 2
216 409 3
216 433 -1
216 436 1
216 449 -1
216 459 -1
216 465 -1
216 486 3
217 222 3
217 235 3
217 236 1
217 296 2
217 315 3
217 337 1
217 349 1
217 354 3
217 355 3
217 367 2
217 380 2
217 419 -1
217 481 3
218 221 1
218 284 1
218 285 1
218 297 -1
218 306 2
218 328 2
218 431 -1
218 498 -1
219 224 2
219 265 -1
219 296 1
219 298 -1
219 303 -1
219 382 1
219 397 3
219 401 2
219 402 1
219 419 2
219 451 2
219 456 3
219 469 2
219 488 3
220 310 1
220 362 1
220 363 2
220 369 1
220 395 1
220 400 1
220 417 2
220 434 1
220 438 3
220 443 3
220 451 1
220 461 -1
221 252 1
221 305 3
221 392 1
221 438 2
221 443 2
221 487 1
221 488 3
222 223 3
222 281 2
222 294 3
222 323 3
222 336 2
222 348 3
222 351 -1
222 372 1
222 374 -1
222 390 1
223 274 2
223 292 1
223 306 1
223 335 -1
223 338 3
223 370 1
223 371 3
223 382 2
223 398 1
223 412 -1
223 416 2
223 421 2
223 460 1
223 462 3
223 465 -1
223 474 -1
224 254 2
224 259 2
224 295 2
224 306 1
224 312 -1
224 325 -1
224 327 1
224 339 1
224 351 2
224 362 1
224 387 -1
224 411 1
224 418 2
224 470 2
224 492 1
224 498 3
225 248 3
225 259 2
225 299 1
225 327 -1
225 366 -1
225 370 1
225 378 2
225 383 3
225 410 2
225 474 3
225 480 3
225 487 3
226 239 2
226 248 -1
226 288 2
226 311 1
226 317 2
226 355 3
226 367 1
226 391 3
226 407 2
226 454 3
227 240 -1
227 277 3
227 282 1
227 292 1
227 294 1
227 309 2
227 310 3
227 312 1
227 354 2
227 358 3
227 473 1
227 483 2
227 495 -1
228 239 3
228 247 1
228 269 2
228 299 -1
228 318 1
228 336 -1
228 341 2
228 343 2
228 349 1
228 353 -1
228 380 3
228 413 -1
228 444 3
228 455 2
228 460 3
228 481 3
228 499 1
229 259 -1
229 265 1
229 342 1
229 343 -1
229 349 1
229 353 -1
229 359 1
229 367 3
229 376 1
229 379 -1
229 385 2
229 401 2
229 403 -1
229 406 3
229 449 -1
230 249 3
230 288 3
230 323 2
230 369 2
230 392 3
230 402 1
230 422 1
230 458 -1
231 284 2
231 305 -1
231 338 1
231 354 1
231 381 1
231 492 3
232 271 3
232 284 -1
232 333 3
232 342 1
232 368 2
232 377 3
232 442 1
232 447 1
232 490 2
233 266 2
233 281 3
233 301 2
233 304 -1
233 317 1
233 371 3
233 378 2
233 394 3
233 401 3
233 416 2
233 417 2
233 432 -1
234 245 3
234 264 -1
234 277 2
234 352 2
234 376 -1
234 437 2
234 471 -1
235 287 2
235 295 3
235 296 -1
235 306 2
235 369 1
235 375 3
235 383 -1
235 474 -1
235 481 -1
236 375 3
236 424 -1
236 441 3
236 452 3
236 463 2
237 248 -1
237 307 -1
237 327 -1
237 352 2
237 368 -1
237 375 3
237 432 1
238 249 -1
238 254 -1
238 263 1
238 414 2
238 431 -1
238 434 3
238 437 3
238 448 1
238 450 3
238 468 -1
239 254 -1
239 255 1
239 256 3
239 264 3
239 298 -1
239 307 2
239 352 -1
239 361 3
239 395 1
239 407 3
239 414 -1
239 444 2
239 476 1
239 479 2
240 253 2
240 260 1
240 294 2
240 312 2
240 330 3
240 341 -1
240 463 2
241 247 3
241 266 2
241 287 2
241 311 -1
241 325 2
241 380 -1
241 394 3
241 425 1
241 451 2
241 468 -1
241 493 3
241 498 1
242 243 2
242 244 3
242 272 3
242 312 3
242 314 1
242 348 1
242 363 -1
242 401 1
242 402 -1
242 433 -1
242 437 1
242 438 1
242 452 1
242 479 -1
243 249 2
243 275 3
243 320 1
243 345 3
244 258 3
244 270 1
244 274 1
244 278 1
244 301 1
244 303 1
244 324 3
244 328 -1
244 355 1
244 369 1
244 417 3
244 437 -1
244 492 -1
244 498 -1
245 315 2
245 332 1
245 396 3
245 401 3
245 423 3
245 453 1
245 455 1
245 480 1
245 496 3
246 257 3
246 312 2
246 320 3
246 330 -1
246 350 2
246 356 -1
246 425 2
246 445 3
246 456 1
246 483 -1
247 250 2
247 254 1
247 260 2
247 290 3
247 312 3
247 319 -1
247 368 -1
247 369 3
247 390 2
247 391 -1
247 394 3
247 468 -1
248 253 -1
248 254 2
248 255 1
248 315 2
248 415 1
248 421 -1
248 494 2
249 269 3
249 283 -1
249 323 3
249 382 -1
249 430 2
249 438 3
249 444 1
249 482 -1
249 489 1
250 330 3
250 365 3
250 369 3
250 392 3
250 397 3
250 403 2
250 440 -1
250 470 2
250 483 3
251 273 1
251 303 1
251 362 -1
251 384 1
251 400 1
251 402 3
251 417 3
251 426 -1
251 434 3
251 476 3
252 306 2
252 310 1
252 344 2
252 364 -1
252 365 -1
252 414 -1
253 261 3
253 263 1
253 286 -1
253 291 2
253 306 2
253 315 -1
253 320 1
253 323 -1
253 342 2
253 343 1
253 408 -1
253 416 3
253 478 2
254 265 -1
254 397 -1
254 402 2
254 406 1
254 419 2
254 463 2
255 261 -1
255 274 2
255 289 -1
255 306 3
255 366 -1
255 415 3
255 417 -1
255 418 -1
255 425 3
255 482 -1
255 495 1
255 498 2
256 370 -1
256 400 1
256 423 2
256 425 2
256 459 3
256 464 1
256 497 3
257 261 1
257 280 2
257 302 2
257 392 -1
257 456 2
257 462 1
257 464 2
258 266 2
258 270 2
258 310 -1
258 336 2
258 345 2
258 390 2
258 398 3
258 411 1
258 417 2
258 445 1
258 446 2
258 448 2
258 457 3
258 478 3
258 485 3
258 488 -1
259 263 2
259 285 -1
259 297 1
259 342 2
259 448 -1
260 262 1
260 265 2
260 272 1
260 309 2
260 325 -1
260 389 1
260 430 2
260 433 2
260 470 2
260 472 1
261 265 1
261 294 3
261 296 -1
261 324 1
261 357 2
261 369 3
261 394 -1
261 405 -1
261 446 -1
261 471 -1
262 290 3
262 296 3
262 297 1
262 300 1
262 316 2
262 374 3
262 393 -1
262 472 -1
263 307 -1
263 387 2
263 407 -1
263 486 1
263 490 2
264 342 -1
264 351 2
264 395 3
264 406 2
264 431 3
264 437 3
264 440 3
264 455 -1
264 460 1
264 488 3
265 267 2
265 332 -1
265 341 3
265 355 -1
265 361 2
265 370 2
265 375 3
265 417 -1
265 458 3
265 464 2
266 282 1
266 361 2
266 373 -1
266 396 3
266 463 -1
266 485 3
267 281 -1
267 326 3
267 344 1
267 363 1
267 368 1
267 408 1
267 484 1
267 485 1
268 278 -1
268 297 1
268 340 3
268 382 -1
268 392 2
268 393 3
268 394 1
268 431 3
268 449 3
268 456 3
268 474 -1
268 489 2
268 499 3
269 274 1
269 280 2
269 322 2
269 332 -1
269 357 2
269 381 2
269 403 1
269 417 3
269 455 3
269 493 1
270 284 -1
270 290 1
270 294 1
270 320 -1
270 327 -1
270 376 1
270 392 3
270 440 1
270 444 3
270 452 1
270 480 2
270 492 1
271 313 3
271 318 2
271 320 1
271 321 2
271 325 1
271 384 2
271 412 3
271 482 2
272 293 1
272 308 -1
272 337 1
272 344 1
272 353 1
272 477 1
273 283 -1
273 292 2
273 297 3
273 331 -1
273 337 1
273 346 1
273 350 -1
273 367 2
273 380 2
273 436 1
274 281 -1
274 304 2
274 310 2
274 356 -1
274 366 1
274 372 2
274 400 2
274 403 3
274 407 1
274 428 3
274 430 1
274 435 -1
275 283 3
275 286 3
275 292 3
275 325 1
275 326 -1
275 351 1
275 391 2
275 393 3
275 418 2
275 427 3
275 438 -1
275 457 3
276 318 2
276 321 1
276 374 3
276 376 1
276 378 1
276 381 1
276 390 -1
276 421 1
276 424 3
276 443 3
276 450 1
276 451 -1
277 283 -1
277 317 3
277 328 -1
277 351 2
277 352 -1
277 369 -1
277 434 1
277 457 3
277 464 -1
278 281 3
278 310 3
278 348 3
278 352 3
278 364 2
278 391 2
278 428 -1
278 480 2
278 488 3
279 317 1
279 371 -1
279 378 -1
279 407 3
279 409 1
279 420 2
279 438 1
279 446 2
279 498 3
280 289 -1
280 346 3
280 372 3
280 374 2
280 384 3
280 398 2
280 433 3
281 301 -1
281 308 -1
281 340 3
281 368 3
281 403 1
281 448 -1
281 482 -1
281 488 -1
282 357 -1
282 378 1
282 388 -1
282 401 2
282 457 3
283 333 3
283 335 2
283 356 -1
283 357 3
283 390 2
283 405 3
283 429 1
283 440 3
283 451 2
283 469 -1
283 478 2
284 398 -1
284 430 3
284 494 3
285 297 -1
285 304 2
285 352 -1
285 355 3
285 395 1
285 414 -1
285 415 3
285 448 1
285 475 -1
285 492 3
286 314 3
286 340 2
286 344 3
286 357 2
286 363 3
286 387 3
286 390 -1
286 421 -1
286 439 3
286 456 2
286 476 3
287 324 2
287 362 2
287 387 2
287 405 -1
287 417 2
287 429 2
287 433 -1
288 292 1
288 298 3
288 317 -1
288 372 1
288 379 -1
288 389 -1
288 401 1
288 484 3
288 498 1
289 298 1
289 323 -1
289 329 2
289 388 1
289 442 -1
289 475 3
290 300 3
290 301 -1
290 400 1
290 439 -1
290 465 1
291 295 2
291 307 2
291 312 -1
291 325 3
291 329 2
291 339 3
291 357 -1
291 358 3
291 402 2
291 441 -1
291 474 3
292 339 1
292 380 2
292 428 1
292 452 3
292 453 1
293 296 -1
293 304 3
293 321 -1
293 374 -1
293 403 3
293 409 -1
293 478 2
293 499 -1
294 367 2
294 409 2
294 446 3
294 458 3
294 494 3
295 323 3
295 346 2
295 347 1
295 460 3
295 479 2
295 488 2
296 345 1
296 379 3
296 388 1
296 390 1
296 492 3
297 345 3
297 365 -1
297 422 -1
297 429 1
297 439 -1
297 457 1
297 480 2
298 314 2
298 320 1
298 332 -1
298 347 3
298 348 -1
298 354 1
298 374 1
298 416 3
298 458 2
298 470 1
298 494 -1
299 302 3
299 327 1
299 332 1
299 350 2
299 354 2
299 438 -1
299 459 2
299 468 -1
299 483 3
300 312 1
300 326 1
300 353 3
300 388 1
300 400 -1
300 432 -1
300 449 3
300 472 -1
300 486 2
301 309 3
301 349 2
301 399 1
301 410 1
301 432 3
301 461 1
302 317 -1
302 341 -1
302 359 3
302 451 3
302 461 -1
302 478 1
303 329 1
303 332 3
303 363 3
303 400 1
303 435 -1
303 442 1
303 460 2
303 468 1
303 485 -1
304 319 1
304 322 1
304 349 -1
304 378 -1
304 396 2
304 417 2
304 464 1
305 313 1
305 320 1
305 338 2
305 378 -1
305 380 -1
305 381 1
305 383 2
305 390 2
305 413 2
305 455 -1
305 463 -1
305 470 3
306 310 3
306 364 2
306 444 3
306 456 2
306 469 -1
306 486 2
306 498 3
307 309 2
307 327 3
307 415 3
307 422 3
308 344 1
308 375 3
308 410 1
308 419 -1
308 441 -1
308 449 1
308 473 -1
308 489 3
309 319 3
309 339 -1
309 363 3
309 377 1
309 383 -1
309 441 3
310 357 3
310 359 1
310 409 2
310 415 2
310 420 2
310 441 -1
310 442 3
310 484 1
311 336 2
311 378 1
311 415 3
311 458 3
311 464 1
311 475 1
311 478 -1
311 488 2
311 499 1
312 318 1
312 365 2
312 408 2
312 410 1
312 420 2
313 375 -1
313 405 -1
313 443 -1
313 452 -1
313 474 -1
313 488 3
313 500 1
314 324 2
314 340 2
314 357 1
314 366 3
314 388 1
314 423 3
314 463 2
314 464 1
314 469 3
314 496 1
314 497 2
315 334 1
315 352 1
315 379 3
315 386 2
315 405 2
315 431 2
315 447 3
315 448 -1
315 468 3
316 342 -1
316 390 2
316 410 2
316 412 1
316 439 1
316 470 3
316 482 -1
317 318 -1
317 342 1
317 368 2
317 373 3
317 381 3
317 391 3
317 419 -1
317 433 1
317 435 -1
317 493 2
318 343 3
318 418 1
318 438 1
318 440 3
319 387 -1
319 454 3
319 471 1
320 495 1
321 353 3
321 383 3
321 431 1
321 488 3
322 329 -1
322 364 1
322 411 2
322 438 1
322 485 2
322 494 2
323 343 3
323 375 2
323 385 2
323 386 3
323 389 2
323 390 1
323 444 2
323 446 2
323 448 2
323 455 3
323 478 -1
323 481 -1
323 487 1
324 334 -1
324 337 -1
324 340 2
324 342 3
324 407 1
324 417 -1
324 419 2
324 433 3
324 470 -1
324 481 -1
325 348 2
325 373 2
325 376 2
325 380 -1
325 409 1
325 418 2
325 446 3
325 456 2
325 467 3
325 480 3
326 357 -1
326 385 2
326 463 3
326 473 1
326 490 3
326 493 2
327 328 3
327 333 2
327 348 1
327 366 1
327 397 2
327 457 -1
327 483 1
328 332 3
328 341 1
328 403 -1
328 428 2
328 431 -1
328 433 2
329 339 -1
329 374 2
329 416 -1
329 462 1
329 482 -1
330 356 1
330 358 3
330 360 -1
330 388 2
330 401 2
330 416 2
330 451 2
330 455 1
331 378 2
331 379 1
331 407 3
331 434 2
331 472 3
331 480 1
332 333 3
332 389 2
332 395 3
333 360 -1
333 384 -1
333 412 2
333 467 1
333 473 3
333 481 1
333 491 2
333 498 2
334 364 1
334 378 -1
334 391 2
334 404 1
334 452 1
334 468 3
334 485 3
335 365 1
335 389 2
335 394 2
335 399 3
335 403 3
335 455 1
335 481 2
336 346 3
336 373 3
336 401 3
336 457 -1
336 478 2
336 479 1
336 480 1
337 351 1
337 359 1
337 385 -1
337 455 -1
337 465 1
337 467 -1
337 480 1
338 345 1
338 400 2
338 413 2
338 455 2
338 466 3
338 484 2
339 352 3
339 392 1
339 428 -1
339 433 1
339 484 3
339 499 -1
340 356 2
340 428 1
340 479 1
340 483 1
341 370 -1
341 418 2
341 453 -1
341 460 3
341 477 2
342 384 3
342 440 1
342 452 2
342 479 2
342 497 3
343 364 -1
343 367 2
343 387 2
343 388 -1
343 407 2
343 463 2
344 347 2
344 439 1
345 376 1
345 395 -1
345 396 2
345 406 2
346 376 1
346 411 -1
346 426 -1
346 456 2
346 473 2
346 479 3
347 391 1
347 397 -1
347 436 2
347 462 3
347 476 2
347 482 2
348 381 2
348 404 -1
348 405 -1
348 419 2
348 448 1
348 490 2
348 496 2
349 390 2
349 411 2
349 421 1
349 427 2
349 450 1
349 462 2
349 469 1
349 484 -1
350 382 -1
350 447 2
350 467 1
350 469 3
350 470 -1
350 493 3
351 358 2
351 361 3
351 415 2
351 428 2
351 451 1
351 493 1
352 377 1
352 470 2
353 380 1
353 445 -1
353 451 2
353 466 -1
353 476 3
354 395 1
354 408 3
354 484 2
354 499 3
355 375 3
355 377 2
355 424 3
355 462 1
355 479 3
355 483 2
356 373 1
356 408 1
356 418 -1
356 438 -1
356 451 1
356 493 3
357 370 3
357 377 -1
357 379 3
357 390 2
357 397 3
357 410 2
357 411 2
357 458 3
357 494 3
358 393 3
358 417 -1
358 436 1
358 495 3
359 388 -1
359 390 2
359 397 -1
359 402 3
359 403 2
359 429 1
359 453 1
359 473 3
359 486 1
359 487 2
360 361 2
360 377 3
360 390 -1
360 404 3
360 412 1
360 416 2
360 420 1
360 440 1
360 472 1
360 499 -1
361 364 3
361 375 -1
361 378 3
361 390 3
361 399 3
361 464 3
361 470 2
361 484 2
361 498 -1
362 373 -1
362 420 3
362 488 2
362 497 2
362 498 2
362 499 2
363 364 3
363 365 1
363 407 2
363 444 1
363 468 -1
363 477 2
363 491 -1
364 371 3
364 378 3
364 380 2
364 419 2
364 455 2
364 463 2
365 433 -1
365 455 2
365 462 -1
365 471 -1
365 500 -1
366 373 -1
366 428 -1
366 432 3
366 491 2
367 372 2
367 378 -1
367 382 1
367 383 2
367 399 3
367 410 -1
367 466 2
367 482 -1
368 371 1
368 396 1
368 427 3
369 408 2
369 489 -1
370 381 1
370 397 2
370 428 -1
370 439 3
370 444 -1
370 449 1
370 460 2
370 473 3
371 437 2
371 457 2
371 465 3
372 394 -1
372 416 1
372 421 3
372 435 2
373 384 3
373 407 3
373 409 -1
373 416 1
373 447 -1
373 458 1
373 471 -1
374 388 3
374 410 -1
374 435 3
375 381 2
375 384 3
375 390 2
375 430 2
375 448 3
375 452 3
375 483 1
375 496 -1
376 427 3
376 453 3
377 387 2
377 397 2
377 423 -1
377 486 2
377 487 2
378 398 2
378 412 -1
378 416 3
378 423 3
378 443 1
379 392 -1
379 464 2
379 491 3
379 493 2
380 401 3
381 444 -1
381 457 2
381 488 3
381 489 2
382 391 1
382 475 -1
383 389 1
383 406 3
383 412 2
383 447 2
383 456 3
383 489 2
383 496 3
384 385 2
384 424 -1
384 437 2
384 441 3
384 500 2
385 397 2
385 484 -1
385 495 1
386 407 3
386 427 2
386 461 2
386 482 3
386 484 -1
386 490 1
387 433 3
387 467 -1
388 467 1
388 482 1
388 495 3
388 499 1
389 449 3
389 453 3
390 394 1
390 404 -1
390 448 3
390 472 3
390 475 3
391 434 1
391 445 3
391 472 -1
392 422 3
392 450 1
392 452 1
393 400 -1
393 416 -1
393 420 3
393 427 2
393 466 2
393 500 1
394 417 1
394 460 2
395 416 2
395 439 -1
395 442 2
395 463 1
395 493 1
395 500 -1
396 405 -1
396 420 3
396 445 1
396 466 -1
397 413 3
397 416 2
397 428 2
397 438 3
397 461 -1
397 483 3
397 497 3
398 416 -1
398 432 1
398 439 2
398 442 2
398 463 1
398 474 3
399 431 2
399 464 3
399 473 1
399 476 2
400 456 3
400 470 -1
400 474 -1
400 484 3
401 402 -1
401 434 1
402 450 1
402 483 1
402 500 2
403 409 1
403 432 2
403 444 -1
403 484 -1
403 498 3
405 439 -1
405 467 1
405 471 3
405 478 1
406 416 1
406 441 3
406 445 -1
407 441 3
407 450 1
407 474 -1
407 477 2
408 415 1
408 466 -1
408 493 1
408 499 2
409 450 1
409 465 -1
410 429 2
411 420 1
411 441 1
412 459 -1
413 416 3
413 425 -1
414 435 1
414 481 3
414 489 2
415 445 -1
415 459 3
415 498 -1
416 422 1
416 457 -1
416 484 3
416 500 1
417 436 2
417 441 2
417 444 -1
417 452 -1
417 467 2
417 477 -1
417 495 1
418 446 -1
418 454 -1
418 472 -1
418 497 1
419 446 -1
419 468 1
419 500 3
420 469 -1
420 481 1
420 499 2
421 429 3
421 443 -1
421 473 -1
422 424 3
422 433 3
422 452 -1
422 494 -1
422 500 1
423 452 2
423 470 -1
423 481 2
423 485 3
423 489 2
424 446 1
424 487 2
425 426 1
425 435 -1
425 494 3
426 434 1
426 439 1
426 443 -1
426 449 -1
426 470 3
426 499 1
428 469 -1
428 498 -1
429 446 2
429 494 3
429 500 -1
430 433 2
430 442 1
430 473 1
430 485 -1
430 487 -1
431 438 2
431 500 3
432 446 1
432 471 -1
432 484 2
432 494 2
435 484 3
436 440 -1
436 456 -1
436 467 1
436 497 3
437 450 1
437 453 2
437 459 -1
437 465 1
437 468 3
438 486 -1
438 487 1
439 482 3
439 492 -1
440 451 -1
440 467 2
440 468 1
440 481 3
440 487 1
441 462 3
442 455 -1
442 461 -1
442 469 -1
443 460 -1
443 473 3
443 486 -1
444 466 3
445 453 -1
445 466 1
445 500 3
446 463 2
446 491 2
447 455 -1
447 473 1
447 477 2
447 486 2
447 498 3
448 451 3
448 481 3
448 490 3
450 485 -1
450 494 -1
451 467 3
451 474 2
451 478 -1
451 492 1
451 496 -1
453 492 2
454 478 2
454 486 -1
455 494 3
456 468 -1
456 496 1
460 478 -1
461 468 1
461 469 3
462 466 1
462 473 3
462 477 -1
464 467 1
465 468 2
466 467 3
466 497 1
467 475 3
467 497 1
468 481 -1
468 484 2
470 493 -1
471 474 1
471 475 1
471 485 1
473 493 -1
474 495 2
477 499 -1
478 485 1
479 492 3
479 498 3
481 488 2
482 494 3
483 494 2
484 499 -1
485 486 1
485 490 -1
487 489 -1
487 498 2
487 500 3
491 493 2
495 496 1
